7.07
8.54
7.14
8.14
9.67
11.75
14.97
17.94
21.62
25.09
30.42
32.84
38.40
46.80
43.86
50.25
57.14
66.21
69.62
81.17
86.69
100.09
110.61
123.03
130.37
146.23
153.74
175.34
191.07
202.36
222.56
237.02
260.76
274.88
300.87
315.55
340.66
359.84
389.14
421.38
434.76
469.29
493.70
518.49
557.51
591.82
620.60
653.17
690.62
728.14
769.26
805.06
849.39
890.98
932.63
981.39
1027.85
1072.86
1112.08
1154.85
1214.69
1271.29
1330.29
1384.93
1444.53
1508.89
1576.09
1638.53
1697.16
1770.15
1840.77
1894.97
1974.69
2039.95
2125.75
2201.69
2288.39
2379.24
2456.20
2532.99
2624.11
2708.21
2803.61
2914.60
2989.43
3092.01
3236.21
3298.68
3393.06
3514.24
3595.12
3709.96
3832.74
3935.40
4076.42
4190.72
4308.28
4464.79
4576.37
4676.10
4822.49
4959.97
5117.48
5223.01
5347.55
5505.94
5650.09
5829.29
5945.20
6107.33
6257.32
6413.49
6646.34
6755.26
6916.73
7102.74
7286.13
7458.72
7629.18
7818.14
8005.65
8181.84
8383.93
8583.64
8782.75
9006.77
9171.38
9386.77
9589.03
9795.42
10032.86
10268.17
10471.80
10705.33
10922.05
11145.38
11394.68
11631.21
11844.53
12108.06
12335.61
12590.10
12824.86
13099.46
13360.41
13634.10
13906.57
14148.84
14414.66
14693.47
14982.66
15244.89
15610.57
15857.04
16154.63
16435.06
16752.00
17076.69
17377.08
17693.41
17999.23
18353.70
18651.55
18954.12
19340.64
19715.42
19946.72
20350.37
20762.65
21016.72
